[app/ui]
version = 6.3.0
modtime = 1442319261.970305000

[app/launcher]
version = 6.3.0
modtime = 1442319261.973218000
